W1:[[0.7826345857986441, 0.8137960024157094, -0.16369319276785443, -0.2630946495169555, -0.7629735594588491, 0.5885573498837915, -0.6201805893027337, 0.9165275660900774, -0.49446267291519064, 0.5040269051835433],
 [0.3240828463182104, -0.8658814831367452, 0.11640999036725397, -0.9454014114030689, 0.993666920974904, 0.43793615353455895, -0.08468571635421851, -0.334780547463295, 0.24891790909710254, 0.7898739746759742],
 [0.6472298336440572, -0.042465890072981516, -0.9150017476204462, -0.5556670689170708, 0.2894236389915501, -0.42184903119545725, -0.11250924632402581, 0.2099391942146296, 0.31414066546641406, -0.415739879482357],
 [0.646341374732728, 0.16645681733635342, 0.6779559151806378, 0.4130416520101883, -0.8317724678229701, -0.20591044149830173, -0.6633093157083372, 0.15357343505183563, 0.7610810891661672, 0.0874697192631464],
 [0.20879204153371456, 0.5891807178957813, -0.20885526365497808, 0.6340777733462546, 0.4674346704753187, -0.26171663529750244, -0.6888679115611942, -0.5308466058042982, -0.6920975251087991, -0.030154306212070825],
 ...,
 [0.8958866763649529, -0.8388541430326644, 0.7966419183911331, 0.6824061011847817, 0.04946301741410153, 0.7317151962978459, -0.06460035524475938, -0.4024480668300723, -0.39743377943538327, -0.766971009664843],
 [0.6268985113071532, 0.2137154710727378, 0.06318056846975173, 0.6362190482882122, 0.8893147666047803, 0.09290652747019923, 0.48175281677317994, 0.40675497710582276, -0.9511342319694078, 0.356715651954862],
 [-0.04948315163924377, -0.6009874213278117, -0.05984439936441621, -0.6739651122856665, -0.5586200600321001, -0.6937216168609495, -0.13461609304351763, 0.47075966728211993, -0.1326711822805109, 0.1379019465573892],
 [-0.7233799009907029, -0.5114721303323693, 0.6530014001549396, -0.9524433668770294, 0.047461345759739704, 0.7932628243862481, -0.47941145964543974, 0.009356646410958458, 0.7193784162324466, -0.2668153385565972],
 [0.4212865364221119, -0.08090849623287166, 0.6760834790886467, 0.9941636875117852, -0.6689143735365053, -0.41231983375457304, -0.7252397980153233, -0.7310305092251741, 0.861544352188869, 0.39900402035491833]];W2:[[-0.8126648220565756, -1.5379057805894183, -0.16760145374562693, 0.6728954490918724, 2.158774560640532, -0.3992608352127455, -0.23166132844730397, 0.46554712172351875, -0.37494133711455985, 0.3658738781638414],
 [-0.6137901710949752, 0.8582790020231157, 1.7243363105972165, -0.34019218764572196, 0.3309571107505829, -0.632524161277511, -0.6875919621598522, -0.09871800045280259, 1.0530189974599447, -0.9329338572123106],
 [-0.8869664732175505, 0.09640859468197717, 0.16203223977467957, -0.6849657798115594, -0.1432954988690556, -1.0066392086032991, 1.8612547328978901, 1.6161481256754426, -0.06108205961913291, -0.7335163114169121],
 [1.2651798518823256, -0.5417903212950785, -0.28895745362381803, -1.5937777944498595, -0.052961141884880124, -1.0761569060083371, 0.06962658669203789, -0.020671816818775248, 0.34254384212544187, 1.303971640234828],
 [0.2293439603136709, 0.01597487637163198, -0.7761308155255611, 0.041027477089953794, -0.6206857168026836, -0.9991411452318841, -1.0796995877195423, 1.0822453616805265, 1.8072630923078374, 0.8605661987961358],
 [-1.653349963306276, -0.9286895143147975, 0.6543856857331274, 1.0391581457814107, -0.826294573602734, 0.5497635112403987, 1.1586650843441746, -0.32132603539725396, 0.8685963910048988, -0.8322567968756291],
 [-0.40915025457605547, -0.2517418977500694, 1.1185402413405048, -1.372896189694295, -0.9215044333507117, 0.742387005672858, -0.48423744248511524, 1.141794048900416, 0.40809101228189004, 0.5196376402743835],
 [0.31642837416472286, 1.867921728412498, -0.5131582153989944, 0.04060454400764708, -1.1538122981825578, -0.9126257545256855, -0.501818040759766, -0.48835501561368955, -0.7443892871842336, 1.4614813476357114],
 [0.6413253244767396, -0.8483066232343996, 1.35228211087386, 0.3207162922773817, -0.5530235706851468, 0.23032096028313367, 0.4161579463417628, 0.561604115163696, -0.42570220302134737, -2.150314502276671],
 [-0.296688302662795, -0.805436527398528, -0.8055468497149451, -0.2293670129657232, 0.17530018239933487, 0.8752232247327932, -0.16271328461820686, 0.24909857389025758, 0.4433575583677405, -0.49790756531187164]];
B1:[0.3409867001830468, -0.8256613689312305, -0.859752379446107, 0.45567977011458516, -0.5090984855524541, 0.5636933553162925, -0.29610960541212666, 0.6931994142353951, 0.04765823004121727, -0.6461484183609016];
B2:[0.9424643751388807, 1.0454343309278882, -0.870629378159374, 0.9119686852048973, 0.6948493764881631, 1.196296435156566, -0.08670032489956878, -1.6163478920326182, -1.4841313538775864, -0.06936585069510652];
XMEAN:[0, 0, 0, 0, 0, ..., 0, 0, 0, 0, 0];
YMEAN:[0.1, 0.1, 0.1, 0.1, 0.1, 0.1, 0.1, 0.1, 0.1, 0.1];
XSTD:[0.0000000001, 0.0000000001, 0.0000000001, 0.0000000001, 0.0000000001, ..., 0.0000000001, 0.0000000001, 0.0000000001, 0.0000000001, 0.0000000001];
YSTD:[0.30000000000000004, 0.30000000000000004, 0.30000000000000004, 0.3, 0.3, 0.3, 0.3, 0.3, 0.3, 0.3];
